150
127
123
120
120
120
120
120
120
120
120
120
120
120
120
120
120
120
120
120
120
120
120
120
120
120
120
120
120
120
120
119
119
119
119
119
119
119
119
119
119
119
119
119
119
119
119
119
119
119
119
119
119
119
119
119
119
119
119
119
119
119
119
119
119
119
119
119
119
119
119
119
119
119
119
119
119
119
119
119
119
119
119
119
119
119
119
119
119
119
119
119
119
119
119
119
119
119
119
119
119
119
119
119
119
119
119
119
119
116
116
116
116
116
116
116
116
116
116
116
116
116
116
116
116
116
116
116
116
116
116
116
116
116
116
116
116
116
116
116
116
116
116
116
116
116
116
116
116
116
116
116
116
116
116
116
116
116
116
116
116
116
116
116
116
116
116
116
116
116
116
116
116
116
116
116
116
116
116
116
116
116
116
116
116
116
116
116
116
116
116
116
116
116
116
116
116
116
116
116
116
116
116
116
116
116
116
116
116
116
116
116
116
116
116
116
116
116
116
116
116
116
116
116
116
116
116
116
116
116
116
116
116
116
116
116
116
116
116
116
116
116
116
116
116
116
116
116
116
116
116
116
116
116
116
116
116
116
116
116
116
116
116
116
116
116
116
116
116
116
116
116
116
116
116
116
116
116
116
116
116
116
116
116
116
116
116
116
116
116
116
116
116
116
116
116
116
116
116
116
116
116
116
116
116
116
116
116
116
116
116
116
116
116
116
116
116
116
116
116
116
116
116
116
116
116
116
116
116
116
116
116
116
116
116
116
116
116
116
116
116
116
116
116
116
116
116
116
116
116
116
116
116
116
116
116
116
116
116
116
116
116
116
116
116
116
116
116
116
116
116
116
116
116
116
116
116
116
116
116
116
116
116
116
116
116
116
116
116
116
116
116
116
116
116
116
116
116
116
116
116
116
116
116
116
116
116
116
116
116
116
116
116
116
116
116
116
116
116
116
116
116
116
116
116
116
116
116
116
116
116
116
116
116
116
116
116
116
116
116
116
116
116
116
116
116
116
116
116
116
116
116
116
116
116
116
116
116
116
116
116
116
116
116
116
116
116
116
116
116
116
116
116
116
116
116
116
116
116
116
116
116
116
116
116
116
116
116
116
116
116
116
116
116
116
116
116
116
116
116
116
116
116
116
116
116
116
116
116
116
116
116
116
116
116
116
116
116
116
116
116
116
116
116
116
116
116
116
116
116
116
116
116
116
116
116
116
116
116
116
116
116
116
116
116
116
116
116
116
116
116
116
116
116
116
116
116
116
116
116
116
116
116
116
116
116
116
116
116
116
116
116
116
116
116
116
116
116
116
116
116
116
116
116
116
116
116
116
116
116
116
116
116
116
116
116
116
116
116
116
116
116
116
116
116
116
116
116
116
116
116
116
116
116
116
116
116
116
116
116
116
116
116
116
116
116
116
116
116
116
116
116
116
116
116
116
116
116
116
116
116
116
116
116
116
116
116
116
116
116
116
116
116
116
116
116
116
116
116
116
116
116
116
116
116
116
116
116
116
116
116
116
116
116
116
116
116
116
116
116
116
116
116
116
116
116
116
116
116
116
116
116
116
116
116
116
116
116
116
116
116
116
116
116
116
116
116
116
116
116
116
116
116
116
116
116
116
116
116
116
116
116
116
116
116
116
116
116
116
116
116
116
116
116
116
116
116
116
116
116
116
116
116
116
116
116
116
116
116
116
116
116
116
116
116
116
116
116
116
116
116
116
116
116
116
116
116
116
116
116
116
116
116
116
116
116
116
116
116
116
116
116
116
116
116
116
116
116
116
116
116
116
116
116
116
116
116
116
116
116
116
116
116
116
116
116
116
116
116
116
116
116
116
116
116
116
116
116
116
116
116
116
116
116
116
116
116
116
116
116
116
116
116
116
116
116
116
116
116
116
116
116
116
116
116
116
116
116
116
116
116
116
116
116
116
116
116
116
116
116
116
116
116
116
116
116
116
116
116
116
116
116
116
116
116
116
116
116
116
116
116
116
116
116
116
116
116
116
116
116
116
116
116
116
116
116
116
116
116
116
116
116
116
116
116
116
116
116
116
116
116
116
116
116
116
116
116
116
116
116
116
116
116
116
116
116
116
116
116
116
116
116
116
116
116
116
116
116
116
116
116
116
116
116
116
116
116
116
116
116
116
116
116
116
116
116
116
116
116
116
116
116
116
116
116
116
116
116
116
116
116
116
116
116
116
116
116
116
116
116
116
116
116
116
116
116
116
116
116
116
116
116
116
116
116
116
116
116
116
116
116
nr_zadania	czas_przybycia	czas_wykonania	wymagany_czas_zakonczenia
---------------------------------------------
17	4	3	8
42	8	1	25
46	9	6	26
28	7	3	12
20	5	2	8
11	3	2	7
47	9	1	35
29	7	7	26
40	8	4	20
19	5	3	10
1	0	2	2
24	6	6	19
34	7	1	10
9	2	2	5
4	0	6	8
49	10	8	30
25	6	6	15
18	5	3	10
8	2	3	6
32	7	5	16
16	4	7	11
44	9	3	19
21	5	6	21
37	8	7	25
26	6	5	24
23	6	6	25
13	3	9	15
15	4	7	18
30	7	10	14
50	10	4	30
2	0	6	6
41	8	6	26
36	7	7	31
5	1	4	5
22	6	10	17
10	2	10	15
33	7	10	20
43	8	8	27
7	2	8	15
48	10	8	28
6	1	9	11
45	9	8	40
35	7	3	35
3	0	10	12
38	8	10	29
39	8	10	40
14	3	10	15
31	7	3	19
27	6	7	17
12	3	9	20
delay = 116
--------------------------------------------------------
