150
127
127
124
124
124
123
123
123
123
123
123
123
123
123
123
123
123
123
123
122
122
122
122
122
122
121
121
121
121
120
120
120
120
120
120
120
120
120
120
120
120
120
120
120
120
120
120
120
120
120
120
120
120
120
120
120
120
120
120
120
120
120
120
120
120
120
120
120
120
120
120
120
120
120
120
120
120
120
120
120
120
120
120
120
120
120
120
120
120
120
120
120
120
120
120
120
120
120
120
120
120
120
120
120
120
120
120
120
120
120
120
120
120
119
119
119
119
119
119
119
119
119
119
119
119
119
119
119
119
119
119
119
119
119
119
119
119
119
119
119
119
119
119
119
119
119
119
119
119
119
119
119
119
119
119
119
119
119
119
119
119
119
119
119
119
119
119
119
119
119
119
119
119
119
119
119
119
119
119
119
119
119
119
119
119
118
118
118
118
118
118
118
118
118
118
118
118
118
118
118
118
118
118
118
118
118
118
118
118
118
118
118
118
118
118
118
118
118
118
118
118
118
118
118
118
118
118
118
118
118
118
118
118
118
118
118
118
118
118
118
118
118
118
118
118
118
118
118
118
118
118
118
118
118
118
118
118
118
118
118
118
118
118
118
118
118
118
118
118
118
118
118
118
118
118
118
118
118
118
118
118
118
118
118
118
118
118
118
118
118
118
118
118
118
118
118
118
118
118
118
118
118
118
118
118
118
118
118
118
118
118
118
118
118
118
118
118
118
118
118
118
118
118
118
118
118
118
118
118
118
118
118
118
118
118
118
118
118
118
118
118
118
118
118
118
118
118
118
118
118
118
118
118
118
118
118
118
118
118
118
118
118
118
118
118
118
118
118
118
118
118
118
118
118
118
118
118
118
118
118
118
118
118
118
118
118
118
118
118
118
118
118
118
118
118
118
118
118
118
118
118
118
118
118
118
118
118
118
118
118
118
118
118
118
118
118
118
118
118
118
118
118
118
118
118
118
118
118
118
118
118
118
118
118
118
118
118
118
118
118
118
118
118
118
118
118
118
118
118
118
118
118
118
118
118
118
118
118
118
118
118
118
118
118
118
118
118
118
118
118
118
118
118
118
118
118
118
118
118
118
118
118
118
118
118
118
118
118
118
118
118
118
118
118
118
118
118
118
118
118
118
118
118
118
118
118
118
118
118
118
118
118
118
118
118
118
118
118
118
118
118
118
118
118
118
118
118
118
118
118
118
118
118
118
118
118
118
118
118
118
118
118
118
118
118
118
118
118
118
118
118
118
118
118
118
118
118
118
118
118
118
118
118
118
118
118
118
118
118
118
118
118
118
118
118
118
118
118
118
118
118
118
118
118
118
118
118
118
118
118
118
118
118
118
118
118
118
118
118
118
118
118
118
118
118
118
118
118
118
118
118
118
118
118
118
118
118
118
118
118
118
118
118
118
118
118
118
118
118
118
118
118
118
118
118
118
118
118
118
118
118
118
118
118
118
118
118
118
118
118
118
118
118
118
118
118
118
118
118
118
118
118
118
118
118
118
118
118
118
118
118
118
118
118
118
118
118
118
118
118
118
118
118
118
118
118
118
118
118
118
118
118
118
118
118
118
118
118
118
118
118
118
118
118
118
118
118
118
118
118
118
118
118
118
118
118
118
118
118
118
118
118
118
118
118
118
118
118
118
118
118
118
118
118
118
118
118
118
118
118
118
118
118
118
118
118
118
118
118
118
118
118
118
118
118
118
118
118
118
118
118
118
118
118
118
118
118
118
118
118
118
118
118
118
118
118
118
118
118
118
118
118
118
118
118
118
118
118
118
118
118
118
118
118
118
118
118
118
118
118
118
118
118
118
118
118
118
118
118
118
118
118
118
118
118
118
118
118
118
118
118
118
118
118
118
118
118
118
118
118
118
118
118
118
118
118
118
118
118
118
118
118
118
118
118
118
118
118
118
118
118
118
118
118
118
118
118
118
118
118
118
118
118
118
118
118
118
118
118
118
118
118
118
118
118
118
118
118
118
118
118
118
118
118
118
118
118
118
118
118
118
118
118
118
118
118
118
118
118
118
118
118
118
118
118
118
118
118
118
118
118
118
118
118
118
118
118
118
118
118
118
118
118
118
118
118
118
118
118
118
118
118
118
118
118
118
118
118
118
118
118
118
118
118
118
118
118
118
118
118
118
118
118
118
118
118
118
118
118
118
118
118
118
118
118
118
118
118
118
118
118
118
118
118
118
118
118
118
118
118
118
118
118
118
118
118
118
118
118
118
118
118
118
118
118
118
118
118
118
118
nr_zadania	czas_przybycia	czas_wykonania	wymagany_czas_zakonczenia
---------------------------------------------
47	9	1	35
9	2	2	5
17	4	3	8
34	7	1	10
21	5	6	21
46	9	6	26
42	8	1	25
50	10	4	30
28	7	3	12
32	7	5	16
37	8	7	25
31	7	3	19
40	8	4	20
24	6	6	19
44	9	3	19
35	7	3	35
43	8	8	27
5	1	4	5
15	4	7	18
20	5	2	8
8	2	3	6
18	5	3	10
26	6	5	24
1	0	2	2
30	7	10	14
2	0	6	6
7	2	8	15
13	3	9	15
10	2	10	15
29	7	7	26
16	4	7	11
14	3	10	15
48	10	8	28
25	6	6	15
49	10	8	30
45	9	8	40
11	3	2	7
41	8	6	26
33	7	10	20
36	7	7	31
4	0	6	8
12	3	9	20
22	6	10	17
23	6	6	25
19	5	3	10
38	8	10	29
27	6	7	17
39	8	10	40
3	0	10	12
6	1	9	11
delay = 118
--------------------------------------------------------
