132
136
135
132
130
129
122
124
117
120
116
108
109
108
102
96
97
99
99
100
102
103
102
110
109
108
107
109
107
109
110
107
106
110
107
108
108
102
103
101
102
102
102
99
96
97
99
94
95
101
105
104
100
102
102
102
101
98
100
102
100
99
110
105
106
104
101
103
99
101
101
104
104
98
101
98
98
97
107
96
98
100
98
103
98
99
103
106
106
107
99
104
104
102
102
104
103
104
101
100
93
100
98
96
98
98
98
97
98
99
101
99
97
95
95
95
97
91
93
92
92
94
99
100
94
95
97
97
99
100
90
99
94
101
105
103
99
94
95
91
91
93
95
95
93
91
93
98
92
93
93
91
95
91
95
92
94
94
96
95
96
93
94
94
86
86
90
95
96
93
98
91
88
90
92
94
88
87
92
94
89
92
92
94
96
93
91
89
89
89
92
94
91
94
96
94
91
93
95
97
94
92
93
91
95
95
97
96
95
89
90
91
92
91
93
90
90
91
91
92
93
91
90
89
95
92
93
90
91
90
92
91
91
94
96
92
84
93
94
96
90
90
85
84
88
87
87
89
91
95
95
97
97
98
88
91
91
93
93
93
94
97
94
95
96
98
101
95
97
97
98
98
99
96
97
96
95
94
96
98
95
93
91
93
93
94
96
95
94
98
98
96
98
92
96
97
98
96
94
94
95
94
94
95
94
92
92
93
88
93
93
96
96
96
94
94
94
98
98
100
99
101
101
95
92
94
94
100
99
96
96
96
95
94
95
95
96
96
99
100
99
100
98
101
99
100
102
103
99
97
99
97
98
99
96
99
98
97
97
96
96
94
96
95
97
97
97
96
95
93
94
95
95
97
96
98
98
98
97
93
96
97
97
96
96
98
97
96
94
95
95
95
92
95
95
93
94
95
96
97
94
96
95
96
94
95
96
96
94
94
94
97
95
95
95
95
94
92
93
91
92
98
93
96
98
97
97
96
96
96
96
92
94
94
91
91
93
97
95
95
95
93
93
93
89
91
93
94
93
94
93
93
94
94
96
96
95
94
94
97
97
97
98
95
93
93
94
93
89
89
92
93
93
90
92
95
94
95
95
95
94
95
94
94
94
96
95
94
93
91
91
92
91
91
93
93
94
92
94
96
94
94
90
94
95
92
92
90
93
95
93
90
94
95
96
95
90
90
90
92
95
93
93
97
92
95
94
94
94
95
92
92
92
96
92
93
95
95
95
97
95
97
100
100
95
95
95
95
95
95
95
97
95
95
95
95
95
95
95
95
95
97
97
95
95
98
95
95
95
98
97
97
97
95
95
95
95
95
95
97
95
95
97
95
97
97
95
95
95
95
95
95
95
95
95
95
95
95
95
95
95
95
95
95
95
95
95
95
95
95
95
95
95
95
95
95
95
95
95
95
95
97
95
95
95
95
95
97
95
95
95
95
95
95
95
95
97
95
95
95
95
95
95
95
95
95
95
95
95
95
95
95
95
95
95
95
95
95
95
95
95
95
95
95
95
95
95
95
95
95
95
95
95
95
95
95
95
95
95
95
95
95
95
95
95
95
95
95
95
95
95
95
95
95
95
95
95
95
95
95
95
95
95
95
95
95
95
95
95
95
95
95
95
95
95
95
95
95
95
95
95
95
95
95
95
95
95
95
95
95
95
95
95
95
95
95
95
95
95
95
95
95
95
95
95
95
95
95
95
95
95
95
95
95
95
95
95
95
95
95
95
95
95
95
95
95
95
95
95
95
95
95
95
95
95
95
95
95
95
95
95
95
95
95
95
95
95
95
95
95
95
95
95
95
95
95
95
95
95
95
95
95
95
95
95
95
95
95
95
95
95
95
95
95
95
95
95
95
95
95
95
95
95
95
95
95
95
95
95
95
95
95
95
95
95
95
95
95
95
95
95
95
95
95
95
95
95
95
95
95
95
95
95
95
95
95
95
95
95
95
95
95
95
95
95
95
95
95
95
95
95
95
95
95
95
95
95
95
95
95
95
95
95
95
95
95
95
95
95
95
95
95
95
95
95
95
95
95
95
95
95
95
95
95
95
95
95
95
95
95
95
95
95
95
95
95
95
95
95
95
95
95
95
95
95
95
95
95
95
95
95
95
95
95
95
95
95
95
95
95
95
95
95
95
95
95
95
95
95
95
95
95
95
95
95
95
95
95
95
95
95
95
95
95
95
95
95
95
95
95
95
95
95
95
95
95
95
95
95
95
95
95
95
95
95
95
95
95
95
95
95
95
95
95
95
95
95
95
95
95
